3 0.37890625 0.2 0.22578125 0.28671875
3 0.78046875 0.58671875 0.175 0.37734375
3 0.43671875 0.88671875 0.2421875 0.22578125
3 0.234375 0.865625 0.22265625 0.26875
3 0.08203125 0.6171875 0.15078125 0.70234375
3 0.6046875 0.7828125 0.2 0.29453125
3 0.608766234375 0.317747353125 0.5227272734375 0.1730818921875 0.1298701296875 0.6768276921874999 0.2012987015625 0.836993025 0.608766234375 0.317747353125
3 0.1899350640625 0 0.1233766234375 0.21183156718750001 0.24350649375 0.268664428125 0.31818181874999996 0 0.1899350640625 0
3 0.1331168828125 0.0852492890625 0.0016233765625 0.09816584843750001 0 0.25833118125 0.141233765625 0.25833118125 0.1331168828125 0.0852492890625
3 0.76484375 0.2375 0.15234375 0.20703125
3 1 0.42624644843750004 0.7629870125 0.25574786875 0.7077922078125 0.44174631875000003 1 0.6225781453125 1 0.42624644843750004