2 0.8640692640625 0.5070028015625 0.7601731593750001 0.4957983203125 0.7272727265625 0.7955182078124999 0.8363636359375001 0.8123249296875 0.8640692640625 0.5070028015625
2 0.8173160171875 0.1064425765625 0.6164502171875 0.10364145625000001 0.6129870140625 0.26610644375 0.8242424249999999 0.2464986 0.8173160171875 0.1064425765625
2 0.64415584375 0.1792717078125 0.5714285703125 0.075630253125 0.43116883125000005 0.22408963593750003 0.48658008593749996 0.3613445375 0.64415584375 0.1792717078125
2 0.20234375 0.0953125 0.125 0.18515625
2 0.3609375 0.44921875 0.21328125 0.22109375
2 0.12890625 0.703125 0.12265625 0.16796875
2 0.3125 0.62578125 0.23359375 0.2046875
0 0.96875 0.259375 0.0625 0.26875
2 0.03359375 0.771875 0.0640625 0.3953125
2 0.325 0.07734375 0.08515625 0.1484375
2 0.0703125 0.1515625 0.0984375 0.1234375
2 0.18125 0.49453125 0.140625 0.21015625
2 0.66484375 0.78984375 0.15546875 0.1453125
2 0.27265625 0.93359375 0.1046875 0.1328125
2 0.47265625 0.10078125 0.0828125 0.19609375
2 0.60546875 0.07265625 0.17578125 0.1453125
2 0.415625 0.28828125 0.2046875 0.190625
2 0.22734375 0.3078125 0.11953125 0.26875
2 0.5875 0.46796875 0.08828125 0.1625
2 0.8578125 0.87421875 0.26171875 0.19609375
2 0.803125 0.30703125 0.15546875 0.2265625
2 0.8515625 0.5140625 0.18671875 0.215625
2 0.522943721875 0.585434175 0.2805194796875 0.8403361359374999 0.3619047625 1 0.5766233765625 0.661064425 0.522943721875 0.585434175
2 0.225108225 0.661064425 0.1367965375 0.7955182078124999 0.2233766234375 0.9047619046875001 0.316883115625 0.7394957984375 0.225108225 0.661064425
2 0.2683982671875 1 0.2943722953125 0.9831932765625 0.096969696875 0.7142857140625 0.0294372296875 0.7871148453125001 0.12813852812499998 1 0.2683982671875 1
3 0.54609375 0.93359375 0.2140625 0.1328125
0 0.68984375 0.40859375 0.1125 0.21875
2 0.1015625 0.2453125 0.07109375 0.2546875