2 0.5765625 0.64609375 0.3203125 0.221875
2 0.35703125 0.39609375 0.28359375 0.178125
2 0.146875 0.73828125 0.153125 0.24296875
2 0.79453125 0.42578125 0.13203125 0.225
2 0.42578125 0.1828125 0.1984375 0.23671875
2 0.7484375 0.2078125 0.08671875 0.1578125
2 0.05078125 0.5453125 0.1015625 0.23671875
2 0.06796875 0.82734375 0.1296875 0.221875
2 0.25703125 0.659375 0.1265625 0.26640625
2 0.45078125 0.58359375 0.3015625 0.2015625
2 0.81328125 0.65078125 0.26015625 0.21328125
2 0.5515625 0.89609375 0.16328125 0.2078125
2 0.59765625 0.2046875 0.1953125 0.321875
2 0.20546875 0.06015625 0.26796875 0.11953125
2 0.8866666671875001 0 0.7916666671875 0.0029239765625 0.6366666671875 0.0643274859375 0.6816666671875 0.2017543859375 0.89 0.055555556250000006 0.8866666671875001 0
2 0.3333333328125 0.1783625734375 0.2616666671875 0.07894736875 0.1 0.2982456140625 0.16833333281250001 0.3947368421875 0.3333333328125 0.1783625734375
2 0.1416666671875 0.383040934375 0.08333333281250001 0.49707602343749996 0.3 0.619883040625 0.3483333328125 0.46783625781250004 0.1416666671875 0.383040934375