1 0.679012346875 0.336643203125 0.9985475671874999 0.2603904796875 1 0.214094184375 0.8333333328125001 0.1732445125 0.4302832234375 0.24677392343750001 0.4684095859375 0.26311379218750003 0.48111837187499995 0.3012401546875 0.679012346875 0.336643203125
1 0.5374001453125 0.4084967328125 0.5410312265624999 0.430283225 0.096223675 0.5691721125 0.0526506890625 0.563725490625 0.0363108203125 0.563725490625 0.00363108125 0.5773420484375 0 0.6127450984375 0.025417574999999998 0.7352941171875 0.65904139375 0.509259259375 0.5628177187500001 0.4030501078125 0.5374001453125 0.4084967328125
1 0.419389978125 0.1089324609375 0.001815540625 0.2396514171875 0.001815540625 0.26960784375 0.3395061734375 0.1851851859375 0.46296296249999996 0.13888888906250002 0.419389978125 0.1089324609375
1 0.4520697171875 0.3622004359375 0.009077706250000001 0.509259259375 0.010893246875 0.5337690640625 0.4520697171875 0.3839869296875 0.4520697171875 0.3622004359375
1 0.8024691359375 0.6726579515625 0.8188090046875001 0.6917211328125 1 0.634531590625 0.9985475671874999 0.6045751640625 0.8024691359375 0.6726579515625
1 0.1034858375 0.9395424828125 0.766158315625 0.7352941171875 0.7153231671875 0.6889978203125 0.07080610000000001 0.8877995640625 0.1034858375 0.9395424828125
1 1 0.727124184375 0.7897603484375 0.797930284375 0.8315177921875 0.8360566453124999 1 0.7625272328125 1 0.727124184375
1 0.2723311546875 0.90958605625 0.290486565625 0.9422657937500001 0.3976034859375 0.8959695 0.3667392875 0.8714596953125 0.2723311546875 0.90958605625
1 0.7207697890625 0.4738562078125 0.7443718234375 0.509259259375 1 0.42755991250000003 0.9894698625 0.41122004375000004 0.7207697890625 0.4738562078125
1 1 0.30773420625000003 0.6917211328125 0.40032679687500006 0.7080610015625 0.4166666671875 1 0.345860565625 1 0.30773420625000003
1 0.096223675 0.8006535953125 0.101670296875 0.8251633999999999 0.7007988375 0.6508714609374999 0.6808278875 0.62908496875 0.096223675 0.8006535953125
1 0.0025138265625 0.309200603125 0.0025138265625 0.33371040625 0.490196078125 0.1791101046875 0.48265459999999993 0.1546003015625 0.0025138265625 0.309200603125
1 1 0.49773755625 0.7579185515625 0.5693815984375 0.7943690296875 0.5825791859375 1 0.5241327296875 1 0.49773755625
1 0.9992458531249999 0.642911009375 0.7642031171875 0.7145550546874999 0.805681246875 0.729638009375 1 0.6561085984374999 0.9992458531249999 0.642911009375
1 0.755404725 0.8842383109374999 0.43740573125 0.9935897421875 0.46254399218750003 1 0.755404725 0.904977375 0.755404725 0.8842383109374999
1 0.40095525312499997 0.9012066375 0.3016591265625 0.9389140265625 0.3016591265625 0.9502262453125001 0.730266465625 0.8257918546875 0.7642031171875 0.7805429859374999 0.759175465625 0.7522624437500001 0.384615384375 0.8748114625 0.40095525312499997 0.9012066375