0 0.2359375 0.21640625 0.20546875 0.3
0 0.628125 0.409375 0.159375 0.2890625
0 0.78359375 0.30625 0.259375 0.2421875
0 0.8265625 0.090625 0.26875 0.18125
0 0.76953125 0.18046875 0.23515625 0.140625
0 0.32578125 0.14765625 0.11328125 0.14609375
0 0.41796875 0.08984375 0.1015625 0.13515625
0 0.5015625 0.1890625 0.09765625 0.13515625
0 0.621875 0.196875 0.1078125 0.1296875
0 0.43046875 0.80859375 0.159375 0.25625
0 0.30078125 0.8125 0.11953125 0.24765625
0 0.271875 0.628125 0.10546875 0.1875
0 0.48828125 0.584375 0.11953125 0.165625
2 0.790625 0.6421875 0.17734375 0.56796875
2 0.9968102078125 0.6227610890624999 1 0.49875998906249996 0.9629186593749999 0.4105814296875 0.8253588515624999 0.526315790625 0.8433014359375001 0.7440066125 0.9968102078125 0.6227610890624999
2 0.9968102078125 0.30311380625 0.813397128125 0.3279140265625 0.82336523125 0.5593827484375 1 0.49875998906249996 0.9968102078125 0.30311380625
0 0.1196172234375 0.3444475078125 0.0139553453125 0.675117109375 0.15749601093750001 0.75227335625 0.26315789375 0.40782584843749997 0.1196172234375 0.3444475078125
2 0.177432215625 0.396803528125 0.0199362046875 0.17360154375 0 0.4298704875 0.09968101874999999 0.531826946875 0.177432215625 0.396803528125
0 0.603125 0.859375 0.2453125 0.12109375
0 0.93125 0.71484375 0.12734375 0.1296875
0 0.43046875 0.24375 0.115625 0.16796875
0 0.40271132187500003 0.31689170624999996 0.3169856484375 0.396803528125 0.48843699999999995 0.6971617546875 0.574162678125 0.5676494921875 0.40271132187500003 0.31689170624999996