3 0.5984375 0.6234375 0.25 0.753125
3 1 0.4672364671875 0.8477564109375001 0.0683760671875 0.7772435890625 0.102564103125 0.9198717953125 0.641025640625 1 0.6324786328124999 1 0.4672364671875
3 0.31089743593749997 0.3076923078125 0.0705128203125 0.5726495734375 0.1153846140625 0.7720797703125 0.3878205125 0.48717948906249997 0.31089743593749997 0.3076923078125
2 0.4278846140625 0.196581196875 0.3205128203125 0.279202278125 0.3974358984375 0.495726496875 0.5032051296875 0.3133903140625 0.4278846140625 0.196581196875
3 0.78205128125 0.2934472921875 0.6810897437500001 0.31908831875 0.7772435890625 0.7378917375 0.8894230765625 0.6495726484375 0.78205128125 0.2934472921875
3 0.6842948703125 0.102564103125 0.5753205125 0.1111111109375 0.5833333328125 0.301994303125 0.6923076921875 0.3076923078125 0.6842948703125 0.102564103125
3 0.48076923125000004 0.1282051296875 0.06891025625 0.142450140625 0.0753205125 0.33618233750000004 0.48237179531249996 0.2991453 0.48076923125000004 0.1282051296875
3 0.09609375 0.4390625 0.1859375 0.28515625
3 0.20625 0.89609375 0.184375 0.2078125
3 0.8296875 0.9171875 0.21015625 0.165625
3 0.5 1 0.5448717953125 0.6723646734375001 0.4503205125 0.6894586890625 0.33653846249999997 1 0.5 1
3 0.4503205125 0.5726495734375 0.3798076921875 0.46153846249999997 0.1730769234375 0.68091168125 0.28044871875 0.8518518515625001 0.4503205125 0.5726495734375