2 0.43125 0.65234375 0.128125 0.64609375
2 0.7578125 0.81875 0.4546875 0.20703125
2 0.796875 0.45625 0.29453125 0.1359375
2 0.91796875 0.19921875 0.159375 0.20703125
2 0.4359375 0.13125 0.42421875 0.1890625
2 0.73671875 0.17265625 0.1203125 0.3453125
2 0.121875 0.1625 0.090625 0.32421875
2 0.1515625 0.43828125 0.3 0.19140625
2 0.1828125 0.684375 0.30546875 0.1515625
2 0.15 0.890625 0.29609375 0.14921875
2 0.56953125 0.446875 0.0921875 0.409375
2 0.8140625 0.625 0.04453125 0.07421875
2 0.68125 0.61640625 0.05 0.07421875