3 0.23125 0.44609375 0.37578125 0.315625
3 0.1578125 0.8390625 0.13203125 0.32109375
3 0.9873646203125 0.5164835171875 0.8898916968749999 0.3763736265625 0.71480144375 0.22252747187500002 0.653429603125 0.2884615390625 0.8429602890625001 0.6483516484375 0.9765342953125 0.7280219781249999 0.9873646203125 0.5164835171875
3 0.6299638984375 0.1263736265625 0.5252707578125 0.027472528125 0.3429602890625 0.3763736265625 0.4097472921875 0.43681318750000003 0.6299638984375 0.1263736265625
3 0.5252707578125 0.00549450625 0.1787003609375 0.0824175828125 0.23646209375 0.29945055 0.5379061375 0.06593406562500001 0.5252707578125 0.00549450625
3 1 0.6373626375 0.5866426 0.609890109375 0.5794223828125 0.7802197796875 0.9981949453125001 0.9120879125 1 0.6373626375
3 0.49609375 0.92578125 0.37578125 0.12109375
3 0.7328125 0.10703125 0.31015625 0.18125
3 0.36015625 0.75546875 0.33359375 0.14296875
3 0.489169675 0.1895604390625 0.41877256249999995 0.252747253125 0.599277978125 0.5851648359375 0.6552346578125 0.5219780218750001 0.489169675 0.1895604390625
3 1 0.3076923078125 0.83935018125 0.16208791250000001 0.7707581234374999 0.29395604375 0.9747292421875 0.4230769234375 1 0.3076923078125
3 0.16064981875 0.1428571421875 0.0252707578125 0.24175824218750003 0.083032490625 0.4258241765625 0.212996390625 0.23901098906249998 0.16064981875 0.1428571421875