1 0.560256409375 0.3634615375 0.4807692296875 0.39038461562500004 0.474358975 0.415384615625 0.574358975 0.42884615468750004 0.5769230765625 0.39038461562500004 0.560256409375 0.3634615375
1 0.61794871875 0.276923078125 0.603846153125 0.2365384625 0.53205128125 0.2365384625 0.46794871875000005 0.223076921875 0.40641025624999993 0.24038461562500002 0.3858974359375 0.22884615468749997 0.32948717968749996 0.23461538437499999 0.3371794859375 0.276923078125 0.48461538437499996 0.27115384531250003 0.55 0.3038461546875 0.61794871875 0.276923078125
1 0.384615384375 0.5403846156250001 0.3871794859375 0.5134615375 0.43205128125 0.525 0.47820512812500005 0.5403846156250001 0.524358975 0.5384615375 0.53205128125 0.46923077031249993 0.4948717953125 0.4634615375 0.43589743593749997 0.5 0.4205128203125 0.45 0.365384615625 0.448076921875 0.3089743578125 0.4865384625 0.26538461562500004 0.49423077031249996 0.271794871875 0.5192307703125 0.297435896875 0.5288461546875001 0.3487179484375 0.551923078125 0.384615384375 0.5403846156250001
1 0.2692307703125 0.7096153843749999 0.310256409375 0.6884615375 0.3769230765625 0.7134615375 0.446153846875 0.7307692296875 0.5102564093749999 0.7192307703124999 0.51794871875 0.6653846156250001 0.49230769218750003 0.6538461546875001 0.475641025 0.626923078125 0.43461538437499997 0.623076921875 0.4128205140625 0.65 0.3576923078125 0.6307692296875 0.271794871875 0.5961538453124999 0.2666666671875 0.6461538453125 0.23461538437499999 0.6538461546875001 0.1615384609375 0.6326923078125 0.134615384375 0.6423076921875001 0.08974359062500001 0.6442307703125 0.060256409375 0.6673076921875001 0.024358974999999998 0.6615384625 0.0051282046875 0.6557692296875001 0.0025641031250000002 0.7 0.102564103125 0.723076921875 0.147435896875 0.748076921875 0.2448717953125 0.7326923078124999 0.2692307703125 0.7096153843749999
1 0.224358975 0.0961538453125 0.20512820468749998 0.11730769218749999 0.16794871875 0.13269230781250002 0.1307692296875 0.1384615375 0.10384615312500001 0.15384615468750001 0.1115384609375 0.1942307703125 0.174358975 0.1923076921875 0.224358975 0.1711538453125 0.224358975 0.0961538453125
1 0.9230769234375 0.559615384375 0.8730769234375 0.5788461546875 0.8448717953125 0.5692307703124999 0.8205128203125 0.5846153843749999 0.7807692296875001 0.5538461546875 0.7769230765625 0.5961538453124999 0.8666666671875 0.6115384625 0.915384615625 0.6173076921875 0.9230769234375 0.559615384375
1 0.771794871875 0.8038461546875 0.7551282046875001 0.7692307703125 0.7115384609375 0.7788461546875001 0.6794871796875 0.7576923078125 0.6371794859375 0.784615384375 0.6358974359375 0.8173076921875 0.6692307703125 0.85 0.7564102562499999 0.834615384375 0.78205128125 0.8384615375 0.771794871875 0.8038461546875
1 0.428205128125 0.825 0.47307692343749996 0.8326923078125 0.5294871796875 0.8461538453124999 0.552564103125 0.8211538453125 0.53205128125 0.751923078125 0.48333333281249996 0.7692307703125 0.4384615390625 0.7865384625 0.389743590625 0.784615384375 0.3628205140625 0.7557692296875 0.35128205156250003 0.7423076921875 0.3089743578125 0.775 0.30641025625 0.8 0.35641025625 0.8134615374999999 0.3794871796875 0.8307692296875 0.428205128125 0.825
1 0.20512820468749998 0.9096153843750001 0.23589743593749998 0.9038461546875001 0.23589743593749998 0.8653846156249999 0.16025640937500002 0.8673076921874999 0.1384615390625 0.8384615375 0.1294871796875 0.8192307703124999 0.10769230781250001 0.8192307703124999 0.08205128125 0.8365384625000001 0.07948717968749999 0.8653846156249999 0.1115384609375 0.8807692296875 0.1666666671875 0.8942307703125 0.20512820468749998 0.9096153843750001
1 0.4487179484375 0.5942307703124999 0.524358975 0.5923076921875 0.5833333328125 0.5576923078125 0.597435896875 0.6038461546875 0.678205128125 0.5807692296875 0.7435897437500001 0.5807692296875 0.7307692296875 0.534615384375 0.6794871796875 0.4884615375 0.6730769234375 0.523076921875 0.624358975 0.523076921875 0.5641025640625 0.49807692187499997 0.534615384375 0.48461538437499996 0.502564103125 0.551923078125 0.43461538437499997 0.551923078125 0.38205128125 0.5326923078125 0.334615384375 0.5442307703125 0.26794871875 0.525 0.27692307656250004 0.5634615375 0.3205128203125 0.565384615625 0.389743590625 0.6038461546875 0.4487179484375 0.5942307703124999
1 0.83046875 0.046875 0.3375 0.08671875
1 0 0.076923078125 0.04358974375 0.0807692296875 0.075641025 0.065384615625 0.12564102500000002 0.0673076921875 0.175641025 0.0326923078125 0.2141025640625 0.0173076921875 0.20641025625 0 0.08205128125 0.0038461546875 0 0.0019230781249999999 0 0.076923078125
1 0.3230769234375 0.43461538437499997 0.4205128203125 0.45 0.4576923078125 0.426923078125 0.4487179484375 0.3826923078125 0.3551282046875 0.3923076921875 0.33974359062500004 0.35961538437499996 0.30641025625 0.35 0.2884615390625 0.384615384375 0.1551282046875 0.398076921875 0.146153846875 0.43269230781249995 0.23461538437499999 0.44038461562500003 0.289743590625 0.43269230781249995 0.3230769234375 0.43461538437499997
1 0.178205128125 0.3711538453125 0.174358975 0.326923078125 0.1692307703125 0.2942307703125 0.1012820515625 0.298076921875 0.09358974375 0.334615384375 0.044871795312500004 0.348076921875 0.00641025625 0.35 0.0012820515625000001 0.43269230781249995 0.139743590625 0.451923078125 0.15 0.4 0.152564103125 0.3711538453125 0.178205128125 0.3711538453125
1 0.8551282046875001 0.7903846156250001 0.9102564093750001 0.798076921875 0.9833333328125 0.759615384375 0.997435896875 0.7288461546875 1 0.6423076921875001 0.96794871875 0.625 0.921794871875 0.6557692296875001 0.8487179484375 0.6865384625 0.7769230765625 0.6442307703125 0.752564103125 0.6807692296875001 0.7576923078125 0.7288461546875 0.8269230765625 0.7365384625 0.85641025625 0.7576923078125 0.8551282046875001 0.7903846156250001
1 0.7807692296875001 0.28846153750000003 0.724358975 0.273076921875 0.6589743578125 0.276923078125 0.653846153125 0.325 0.5666666671875 0.3423076921875 0.5730769234374999 0.3923076921875 0.6 0.3788461546875 0.675641025 0.34615384531250004 0.6923076921875 0.39038461562500004 0.90641025625 0.3711538453125 0.9051282046875 0.34615384531250004 0.9166666671874999 0.284615384375 0.8294871796875001 0.2634615375 0.7807692296875001 0.28846153750000003
1 0.0589743578125 0.2326923078125 0.1269230765625 0.2442307703125 0.24230769218749998 0.22884615468749997 0.296153846875 0.223076921875 0.3858974359375 0.2211538453125 0.384615384375 0.1807692296875 0.3628205140625 0.175 0.297435896875 0.190384615625 0.25512820468749997 0.1865384625 0.25 0.16153846249999998 0.24358974375 0.126923078125 0.2192307703125 0.1826923078125 0.146153846875 0.2076923078125 0.10641025625 0.2057692296875 0.09358974375 0.1692307703125 0.065384615625 0.165384615625 0.0025641031250000002 0.17692307812500002 0 0.21346153750000002 0.0589743578125 0.2326923078125
1 0.6371794859375 0.7326923078124999 0.70641025625 0.75 0.7410256421875 0.75 0.7410256421875 0.659615384375 0.6615384609375 0.6923076921875 0.64358974375 0.6423076921875001 0.6166666671875001 0.615384615625 0.5910256421875 0.65 0.5589743578124999 0.6807692296875001 0.602564103125 0.6884615375 0.6371794859375 0.7326923078124999
1 0.3205128203125 0.8942307703125 0.2705128203125 0.9038461546875001 0.2448717953125 0.9 0.2192307703125 0.915384615625 0.18846153906250002 0.915384615625 0.16410256406249998 0.9096153843750001 0.1666666671875 0.9576923078125 0.24102564218750003 0.9557692296875 0.321794871875 0.9326923078125 0.3205128203125 0.8942307703125
1 0.53205128125 0 0.5333333328125 0.028846154687499997 0.571794871875 0.023076921875 0.6371794859375 0.025 0.6564102562499999 0 0.53205128125 0
1 0.5846153843749999 0.0538461546875 0.5820512812499999 0.023076921875 0.53205128125 0.0192307703125 0.46794871875000005 0.0134615375 0.4641025640625 0.076923078125 0.5076923078125 0.0923076921875 0.565384615625 0.0865384625 0.5846153843749999 0.0538461546875
1 0.32564102500000003 0.0307692296875 0.24743589687499998 0.0173076921875 0.2166666671875 0.015384615625 0.20641025625 0.0673076921875 0.24743589687499998 0.076923078125 0.3089743578125 0.0692307703125 0.32564102500000003 0.0307692296875
1 0.4884615390625 0.184615384375 0.503846153125 0.17307692187499998 0.560256409375 0.17307692187499998 0.603846153125 0.1826923078125 0.639743590625 0.16153846249999998 0.6307692296875 0.13269230781250002 0.5615384609375 0.15384615468750001 0.546153846875 0.13653846249999999 0.539743590625 0.0961538453125 0.4576923078125 0.0923076921875 0.4269230765625 0.0826923078125 0.39871794843749997 0.1192307703125 0.3769230765625 0.1557692296875 0.374358975 0.1673076921875 0.4166666671875 0.190384615625 0.4884615390625 0.184615384375
1 1 0.8884615374999999 0.9564102562500001 0.9038461546875001 0.925641025 0.901923078125 0.9076923078125001 0.8634615374999999 0.8987179484375 0.8846153843750001 0.8615384609375001 0.9096153843750001 0.8679487187499999 0.975 0.9076923078125001 0.9788461546875 0.9564102562500001 0.998076921875 0.9820512812500001 0.9442307703124999 1 0.934615384375 1 0.8884615374999999
1 0.21794871875 0.5307692296875001 0.21538461562500003 0.48461538437499996 0.1628205140625 0.501923078125 0.128205128125 0.5076923078125 0.1294871796875 0.5442307703125 0.175641025 0.5365384625 0.19358974375 0.5692307703124999 0.21794871875 0.5307692296875001
1 0.07948717968749999 0.45576922968750005 0.0141025640625 0.4384615375 0.0025641031250000002 0.5365384625 0.075641025 0.5615384625 0.09358974375 0.559615384375 0.096153846875 0.49423077031249996 0.07948717968749999 0.45576922968750005
1 0.9884615390624999 0.5384615375 1 0.4538461546875 0.9666666671874999 0.375 0.9589743578125001 0.42884615468750004 0.9230769234375 0.465384615625 0.8551282046875001 0.42884615468750004 0.789743590625 0.5423076921875001 0.8653846156249999 0.565384615625 0.95 0.5634615375 0.9884615390624999 0.5384615375