1 0.26181818125 0.5498094734375 0.2636363640625 0.6614044640625 0.387272728125 0.6532389765625 0.38 0.5498094734375 0.26181818125 0.5498094734375
1 0.5145454546875 0.5307566671874999 0.387272728125 0.5389221562500001 0.3963636359375 0.6505171468750001 0.5054545453125 0.6532389765625 0.5145454546875 0.5307566671874999
1 0.3 0.4512403765625 0.268571428125 0.4512403765625 0.2628571421875 0.5581693750000001 0.305 0.5581693750000001 0.3 0.4512403765625
1 0.39714285781249997 0.43092386562499996 0.3178571421875 0.54961505625 0.3807142859375 0.556030796875 0.43 0.4758340453125 0.39714285781249997 0.43092386562499996
1 0.313571428125 0.424508125 0.29 0.41060735625 0.305 0.551753634375 0.318571428125 0.5485457671875 0.313571428125 0.424508125
1 0.5692857140625 0.3304106078125 0.523571428125 0.3432420875 0.336428571875 0.3539349875 0.333571428125 0.342172796875 0.29428571406250004 0.3496578265625 0.2921428578125 0.371043625 0.5900000000000001 0.3496578265625 0.5842857140625 0.3314798984375 0.5692857140625 0.3304106078125
1 0.4571428578125 0.4662104375 0.42714285781249994 0.4662104375 0.3978571421875 0.535714284375 0.4571428578125 0.53357570625 0.4571428578125 0.4662104375
1 0.613571428125 0.5635158265625 0.513571428125 0.567792984375 0.506428571875 0.65761334375 0.613571428125 0.660821215625 0.613571428125 0.5635158265625
1 0.58 0.4544482453125 0.5178571421875 0.5464071859375 0.5921428578125 0.5613772453125 0.6307142859375 0.5228828046875 0.58 0.4544482453125
1 0.5657142859375 0.3614200171875 0.5599999999999999 0.48011120625 0.5828571421875 0.4555175359375 0.581428571875 0.360350728125 0.5657142859375 0.3614200171875
1 0.5157142859375 0.358212146875 0.518571428125 0.4416167671875 0.5157142859375 0.4929426859375 0.5221428578125 0.5389221562500001 0.525 0.5068434546875 0.525 0.424508125 0.5221428578125 0.358212146875 0.5157142859375 0.358212146875
1 0.49000000000000005 0.46941830468749995 0.4971428578125 0.4769033359375 0.498571428125 0.47048759531249995 0.5071428578125 0.46834901562500003 0.5042857140625 0.40846877499999995 0.39714285781249997 0.3988451671875 0.3928571421875 0.424508125 0.423571428125 0.461933275 0.48 0.463002565625 0.49000000000000005 0.46941830468749995
1 0.468571428125 0.5196749374999999 0.46571428593749997 0.502566296875 0.468571428125 0.46834901562500003 0.4607142859375 0.46834901562500003 0.45214285781249997 0.53357570625 0.468571428125 0.53357570625 0.468571428125 0.5196749374999999
1 0.49785714218750005 0.49828913437500005 0.4907142859375 0.48866552656250006 0.4907142859375 0.4769033359375 0.47142857187500004 0.4662104375 0.46785714218749996 0.532506415625 0.496428571875 0.5303678359374999 0.49785714218750005 0.49828913437500005
1 0.5171428578125 0.2523524375 0.386428571875 0.253421728125 0.3928571421875 0.3058169375 0.5157142859375 0.2951240390625 0.5171428578125 0.2523524375
1 0.3828571421875 0.30367835625 0.3771428578125 0.31544054843749997 0.3471428578125 0.31544054843749997 0.33714285781250003 0.325064159375 0.33714285781250003 0.342172796875 0.5678571421874999 0.3218562875 0.5628571421874999 0.30367835625 0.581428571875 0.2897775875 0.518571428125 0.2929854578125 0.3828571421875 0.30367835625
1 0.5842857140625 0.355004278125 0.5842857140625 0.38066723593749996 0.5900000000000001 0.40739948750000005 0.606428571875 0.40739948750000005 0.6092857140625 0.446963215625 0.6092857140625 0.4726261765625 0.613571428125 0.4929426859375 0.6257142859375 0.521813515625 0.64 0.532506415625 0.6678571421874999 0.539991446875 0.6792857140625 0.534644996875 0.6921428578125 0.51753635625 0.7221428578125 0.5153977750000001 0.676428571875 0.2758768171875 0.5828571421875 0.31330196718750003 0.5878571421875 0.33575705624999996 0.5928571421875 0.3475192484375 0.5842857140625 0.355004278125