0 0.96302816875 0.7627118640624999 0.7711267609375 0.7231638421875 0.7411971828125 0.9152542374999999 0.924295775 0.9943502828125 0.96302816875 0.7627118640624999
0 0.41725352187500003 1 0.45070422499999996 0.757062146875 0.38732394375 0.7259887 0.25 0.8135593218749999 0.1989436625 0.61299435 0.0334507046875 0.8361581921875001 0.0704225359375 0.9378531078125001 0.25352112656250003 1 0.41725352187500003 1
0 0.455985915625 0.5790960453125 0.18661971875 0.29661016875 0.07218309843750001 0.48022598906249997 0.2728873234375 0.7514124296875 0.382042253125 0.79661016875 0.455985915625 0.5790960453125
0 0.7640845078125 1 0.7852112671875 0.8192090390625 0.5 0.545197740625 0.3838028171875 0.742937853125 0.5316901406250001 1 0.7640845078125 1
0 0.5721830984375 0.5282485875 0.8133802812500001 0.186440678125 0.693661971875 0 0.4647887328125 0.2909604515625 0.48063380312500004 0.46045197812499994 0.5721830984375 0.5282485875
0 0.10703125 0.13671875 0.1546875 0.26875
0 0.35703125 0.24296875 0.31015625 0.33359375
0 1 0.4491525421875 0.7781690140624999 0.31638418125 0.7535211265624999 0.3361581921875 0.825704225 0.4209039546875 0.7975352109375 0.5225988703125 0.9524647890625 0.7203389828125 1 0.7203389828125 1 0.4491525421875
0 0.9982394359375 0.039548021875 0.8855633796875001 0.14689265468749999 0.8714788734375001 0.38700565 1 0.4632768359375 0.9982394359375 0.039548021875
0 0.8591549296875 0.4237288140625 0.68661971875 0.28813559375 0.52640845 0.5960451984375 0.68661971875 0.76836158125 0.8591549296875 0.4237288140625
0 0.8714788734375001 0.016949153124999998 0.7517605640625 0.0197740109375 0.7640845078125 0.2372881359375 0.8591549296875 0.2485875703125 0.8714788734375001 0.016949153124999998
0 0.4894366203125 0.01412429375 0.39084507031250004 0 0.3538732390625 0.0903954796875 0.51232394375 0.31073446250000003 0.5933098593749999 0.158192090625 0.4894366203125 0.01412429375
0 0.0915492953125 0.200564971875 0.0017605640624999998 0.186440678125 0 0.4491525421875 0.0739436625 0.4519774015625 0.0915492953125 0.200564971875